691636
687284
687336
685656
685688
667392
667436
667416
670024
670436
671356
671728
674172
674184
674644
674644
675288
676888
676912
677300
677328
680260
680260
680244
680248
680176
680168
680196
680296
680536
680796
680800
680804
683100
683124
683140
683172
683984
684780
685056
685060
685152
685396
685400
685392
685420
685656
689560
658836
658836
658188
658212
658260
658268
658296
657580
658664
658648
658656
658612
658896
660968
661268
661240
661240
661244
661020
662756
662784
662792
662800
662844
665136
665452
665452
666936
667096
667328
667420
668436
669296
671224
670832
670320
670300
670132
670072
670100
669856
669908
670540
670560
670592
670600
670640
670488
670664
670680
670708
672964
