595552
595776
597296
596820
598060
579304
579552
579552
579556
580096
581096
582764
582796
582800
583064
583132
586624
586628
586636
586676
586536
586548
586572
589708
590156
590172
590212
590260
590260
590916
591172
591476
592264
592556
592560
592568
594164
596292
596336
596384
596392
596372
596620
596624
597356
577752
577996
577900
577904
577928
577976
578008
579016
578996
579056
579080
579140
579184
579604
580140
580160
581516
582576
583068
582624
582604
582604
582608
582624
582584
582616
582568
582756
582784
582760
583052
583060
583068
583084
583132
583164
583068
583128
583160
583492
583556
583740
583764
584048
584332
587688
588888
588888
588480
587112
585744
586436
586040
586860
586860
