607652
609168
607948
584664
584004
583932
583932
583944
583720
583748
583896
583908
584128
584228
584400
585724
586000
586020
587596
588088
588344
588344
588352
588356
588360
588364
588364
588372
588640
556016
531368
531084
531304
530404
530372
530616
530872
530856
531016
530276
530304
530308
530316
530300
530324
530352
530356
530356
530388
530736
530744
530744
531236
531236
531244
531244
531244
531244
531496
531496
531596
531596
531596
531572
531572
531832
531832
531832
531832
531832
531996
532312
532344
532348
532352
532356
532824
533052
533052
533052
533084
533120
533128
533136
533564
533572
533572
533576
533736
534000
534004
534248
534248
534248
534248
534504
534504
534716
534720
534724
