602804
602668
606160
604688
604688
604912
606004
606080
606108
606136
607636
607664
607688
615528
625060
625020
596936
596992
597296
597336
597388
597420
599224
599272
599276
599176
579504
580460
580044
580044
580092
580612
576776
576188
577720
576656
576744
576816
576840
576944
581700
568760
569008
568184
567780
567612
567612
567696
567560
567560
567620
567412
568488
568752
569036
569116
569116
570256
570372
570320
570348
570524
571292
571320
571320
571360
572728
572844
572868
572876
572832
572664
573100
574096
574100
574312
574296
574128
574696
574888
574896
550992
535928
535728
535096
534932
532644
533076
533104
533112
533296
533396
533396
534612
535148
535152
535208
535736
535596
535728
