Gmail : 

143 
87 
85 
104 
99 
84 
95 
89 
83 
94 
86 
89 
101 
91 
77 
108 
92 
80 
89 
118 
87 
87 
87 
95 
411 
99 
113 
88 
98 
88 
117 
99 
92 
85 
83 
91 
110 
109 
106 
87 
94 
96 
79 
86 
84 
86 
87 
83 
83 
82 
89 
92 
83 
94 
86 
500 
85 
129 
78 
84 
91 
102 
85 
84 
105 
84 
83 
104 
86 
87 
114 
98 
86 
79 
114 
92 
87 
91 
103 
98 
95 
89 
93 
89 
91 
88 
427 
94 
90 
90 
90 
93 
88 
89 
89 
84 
93 
84 
93 
92 
Mean Hot Startup Time: 103 [90.866 – 115.134]



Angry Birds 2


143 
147 
158 
140 
149 
174 
138 
123 
270 
164 
136 
125 
157 
135 
139 
138 
170 
126 
179 
125 
136 
170 
156 
121 
163 
140 
166 
149 
154 
138 
180 
149 
122 
172 
1247 
161 
172 
210 
150 
167 
280 
200 
175 
180 
195 
182 
203 
168 
163 
211 
195 
195 
163 
170 
153 
203 
197 
181 
176 
214 
158 
206 
175 
204 
212 
174 
171 
180 
181 
167 
168 
295 
208 
150 
159 
195 
150 
190 
208 
168 
164 
169 
173 
171 
202 
166 
172 
177 
171 
186 
187 
166 
202 
168 
182 
153 
169 
192 
166 
188 
Mean Hot Startup Time: 183 [161.134 – 204.866]


Ebay


142 
91 
89 
91 
89 
99 
95 
98 
110 
84 
89 
92 
87 
84 
86 
92 
98 
85 
92 
89 
83 
77 
94 
101 
151 
259 
124 
157 
116 
119 
144 
183 
114 
124 
130 
120 
238 
127 
143 
166 
214 
199 
164 
139 
168 
149 
120 
123 
137 
149 
120 
152 
107 
152 
101 
113 
278 
113 
134 
157 
118 
148 
122 
131 
138 
125 
163 
140 
144 
128 
139 
123 
124 
126 
144 
154 
230 
118 
124 
143 
166 
134 
133 
121 
115 
109 
133 
312 
121 
143 
123 
146 
132 
119 
122 
121 
156 
121 
130 
377 
Mean Hot Startup Time: 134 [124.742 – 143.258]



Facebook



179 
188 
107 
122 
123 
106 
100 
124 
118 
105 
221 
114 
116 
102 
102 
98 
104 
99 
107 
100 
98 
119 
103 
91 
116 
98 
103 
90 
101 
96 
102 
91 
90 
109 
134 
159 
105 
94 
101 
91 
117 
294 
87 
101 
88 
115 
95 
101 
99 
114 
86 
86 
95 
95 
100 
84 
89 
103 
95 
96 
95 
117 
87 
142 
98 
112 
82 
89 
78 
88 
99 
93 
286 
85 
87 
91 
109 
98 
91 
121 
88 
89 
84 
110 
83 
87 
115 
122 
82 
89 
118 
108 
91 
96 
85 
94 
78 
93 
78 
87 
Mean Hot Startup Time: 106 [99.314 – 112.686]



Tetris



112 
92 
96 
96 
316 
106 
9 
127 
121 
119 
131 
132 
174 
151 
130 
116 
113 
115 
112 
131 
118 
119 
152 
98 
110 
110 
117 
273 
115 
108 
111 
93 
122 
103 
125 
104 
110 
91 
98 
114 
108 
106 
106 
96 
117 
95 
107 
103 
94 
108 
106 
103 
103 
107 
103 
100 
105 
108 
222 
114 
129 
115 
106 
119 
108 
105 
104 
106 
102 
104 
92 
105 
110 
112 
106 
106 
100 
97 
120 
101 
99 
97 
97 
109 
103 
97 
105 
107 
104 
223 
111 
90 
128 
103 
97 
108 
100 
95 
109 
103 
Mean Hot Startup Time: 114 [107.188 – 120.812]



Camera


125 
124 
123 
124 
124 
168 
170 
174 
170 
178 
128 
187 
199 
103 
137 
118 
171 
123 
107 
183 
191 
182 
135 
179 
123 
169 
127 
111 
114 
178 
119 
111 
104 
124 
121 
117 
163 
116 
178 
128 
180 
184 
109 
274 
93 
171 
178 
115 
179 
119 
170 
166 
107 
186 
104 
114 
200 
176 
120 
170 
186 
126 
177 
125 
184 
173 
112 
180 
168 
115 
107 
125 
121 
119 
200 
107 
173 
112 
115 
171 
176 
167 
177 
168 
173 
102 
143 
119 
169 
167 
125 
184 
120 
174 
125 
172 
167 
105 
119 
169 
Mean Hot Startup Time: 147 [140.475 – 153.525]
