Gmail : 

1743 
1158 
1104 
1143 
1145 
856 
782 
887 
720 
819 
697 
852 
890 
863 
1018 
748 
806 
747 
766 
854 
825 
868 
1103 
785 
913 
782 
881 
804 
993 
783 
760 
915 
790 
923 
919 
806 
883 
890 
762 
975 
973 
1572 
1127 
926 
749 
739 
718 
721 
711 
817 
680 
773 
690 
690 
693 
678 
704 
735 
724 
693 
736 
710 
720 
1027 
728 
768 
775 
712 
722 
736 
638 
706 
734 
696 
703 
687 
668 
689 
764 
700 
689 
769 
710 
733 
695 
693 
720 
705 
688 
684 
688 
686 
688 
723 
708 
642 
641 
667 
656 
664 
Mean Cold Startup Time: 805 [770.768 – 839.232]



Angry Birds 2

798 
824 
754 
691 
655 
835 
598 
723 
596 
758 
757 
679 
730 
639 
652 
1832 
807 
792 
636 
718 
691 
801 
828 
812 
784 
782 
835 
824 
797 
992 
886 
833 
961 
710 
836 
743 
755 
770 
788 
786 
868 
873 
939 
782 
817 
902 
788 
730 
767 
854 
783 
819 
903 
842 
933 
763 
791 
919 
815 
749 
854 
1660 
930 
868 
829 
749 
876 
843 
874 
777 
787 
774 
814 
718 
755 
839 
877 
735 
751 
844 
781 
783 
732 
804 
799 
814 
765 
903 
764 
741 
853 
757 
850 
778 
823 
862 
749 
843 
687 
815 
Mean Cold Startup Time: 813 [782.898 – 843.102]



Ebay


549 
563 
551 
554 
546 
542 
535 
559 
567 
538 
560 
543 
592 
561 
538 
553 
544 
558 
582 
541 
539 
557 
535 
569 
572 
554 
554 
560 
575 
553 
536 
547 
556 
541 
536 
549 
548 
559 
563 
567 
566 
566 
566 
570 
556 
561 
535 
551 
546 
550 
546 
539 
554 
557 
579 
558 
562 
549 
550 
579 
546 
536 
554 
563 
566 
549 
560 
545 
553 
546 
579 
564 
552 
546 
559 
557 
552 
544 
556 
572 
544 
547 
555 
557 
558 
569 
564 
546 
549 
558 
554 
571 
540 
547 
569 
543 
548 
552 
552 
552 
Mean Cold Startup Time: 554 [551.722 – 556.278]



Facebook


1019 
978 
1063 
1007 
1029 
1066 
1010 
1048 
1010 
1030 
1047 
1037 
1017 
1009 
1020 
1050 
1033 
1010 
1043 
1046 
1158 
1038 
1015 
1022 
1054 
1046 
1021 
1045 
1029 
1023 
987 
1045 
1081 
1048 
1054 
1108 
1048 
1063 
1067 
1056 
1044 
1049 
1018 
1033 
1051 
1074 
1039 
1014 
1028 
1049 
1014 
1043 
1020 
1045 
1022 
1043 
931 
1076 
1075 
1019 
1115 
1052 
1128 
1072 
1088 
1021 
1051 
1053 
1071 
1089 
1060 
1039 
1046 
1066 
1062 
1078 
1096 
1097 
1090 
1122 
1072 
1146 
1066 
1058 
1061 
1054 
1115 
1035 
1120 
1068 
1056 
1089 
1067 
1125 
1043 
1096 
1100 
1068 
1045 
1107 
Mean Cold Startup Time: 1053 [1045.946 – 1060.054]



Tetris


436 
420 
407 
417 
413 
422 
409 
432 
419 
399 
437 
399 
427 
418 
436 
440 
402 
437 
430 
408 
431 
421 
441 
446 
418 
426 
418 
464 
443 
420 
427 
405 
417 
452 
416 
413 
409 
428 
412 
416 
408 
435 
412 
404 
423 
415 
403 
425 
402 
421 
429 
413 
420 
426 
429 
418 
421 
424 
402 
450 
423 
423 
433 
442 
452 
430 
484 
406 
411 
446 
413 
420 
408 
439 
415 
434 
424 
421 
409 
397 
450 
421 
437 
428 
422 
428 
418 
435 
407 
450 
421 
429 
442 
398 
433 
433 
433 
462 
428 
434 
Mean Cold Startup Time: 424 [420.936 – 427.064]



Camera


675 
677 
583 
557 
522 
523 
513 
537 
590 
543 
571 
549 
536 
597 
617 
513 
595 
523 
534 
529 
549 
517 
521 
542 
530 
515 
584 
529 
535 
558 
541 
515 
542 
509 
551 
599 
584 
533 
537 
515 
524 
600 
513 
567 
547 
533 
539 
535 
516 
540 
600 
578 
515 
594 
515 
517 
607 
517 
598 
545 
521 
511 
605 
579 
614 
612 
522 
599 
540 
557 
528 
607 
520 
577 
594 
522 
544 
552 
582 
583 
556 
529 
532 
615 
586 
580 
613 
529 
563 
546 
524 
534 
558 
538 
528 
565 
522 
582 
604 
590 
Mean Cold Startup Time: 555 [547.887 – 562.113]
